1950.0000,-1.5
1950.0834,-1.3
1950.1666,-1.2
1950.2500,-1.2
1950.3334,-1.1
1950.4166,-0.9
1950.5000,-0.5
1950.5834,-0.4
1950.6666,-0.4
1950.7500,-0.4
1950.8334,-0.6
1950.9166,-0.8
1951.0000,-0.8
1951.0834,-0.5
1951.1666,-0.2
1951.2500,0.2
1951.3334,0.4
1951.4166,0.6
1951.5000,0.7
1951.5834,0.9
1951.6666,1.0
1951.7500,1.2
1951.8334,1.0
1951.9166,0.8
1952.0000,0.5
1952.0834,0.4
1952.1666,0.3
1952.2500,0.3
1952.3334,0.2
1952.4166,0.0
1952.5000,-0.1
1952.5834,0.0
1952.6666,0.2
1952.7500,0.1
1952.8334,0.0
1952.9166,0.1
1953.0000,0.4
1953.0834,0.6
1953.1666,0.6
1953.2500,0.7
1953.3334,0.8
1953.4166,0.8
1953.5000,0.7
1953.5834,0.7
1953.6666,0.8
1953.7500,0.8
1953.8334,0.8
1953.9166,0.8
1954.0000,0.8
1954.0834,0.5
1954.1666,0.0
1954.2500,-0.4
1954.3334,-0.5
1954.4166,-0.5
1954.5000,-0.6
1954.5834,-0.8
1954.6666,-0.9
1954.7500,-0.8
1954.8334,-0.7
1954.9166,-0.7
1955.0000,-0.7
1955.0834,-0.6
1955.1666,-0.7
1955.2500,-0.8
1955.3334,-0.8
1955.4166,-0.7
1955.5000,-0.7
1955.5834,-0.7
1955.6666,-1.1
1955.7500,-1.4
1955.8334,-1.7
1955.9166,-1.5
1956.0000,-1.1
1956.0834,-0.8
1956.1666,-0.6
1956.2500,-0.5
1956.3334,-0.5
1956.4166,-0.5
1956.5000,-0.6
1956.5834,-0.6
1956.6666,-0.5
1956.7500,-0.4
1956.8334,-0.4
1956.9166,-0.4
1957.0000,-0.2
1957.0834,0.1
1957.1666,0.4
1957.2500,0.7
1957.3334,0.9
1957.4166,1.1
1957.5000,1.3
1957.5834,1.3
1957.6666,1.3
1957.7500,1.4
1957.8334,1.5
1957.9166,1.7
1958.0000,1.8
1958.0834,1.7
1958.1666,1.3
1958.2500,0.9
1958.3334,0.7
1958.4166,0.6
1958.5000,0.6
1958.5834,0.4
1958.6666,0.4
1958.7500,0.4
1958.8334,0.5
1958.9166,0.6
1959.0000,0.6
1959.0834,0.6
1959.1666,0.5
1959.2500,0.3
1959.3334,0.2
1959.4166,-0.1
1959.5000,-0.2
1959.5834,-0.3
1959.6666,-0.1
1959.7500,0.0
1959.8334,0.0
1959.9166,0.0
1960.0000,-0.1
1960.0834,-0.1
1960.1666,-0.1
1960.2500,0.0
1960.3334,0.0
1960.4166,0.0
1960.5000,0.1
1960.5834,0.2
1960.6666,0.3
1960.7500,0.2
1960.8334,0.1
1960.9166,0.1
1961.0000,0.0
1961.0834,0.0
1961.1666,0.0
1961.2500,0.1
1961.3334,0.2
1961.4166,0.3
1961.5000,0.1
1961.5834,-0.1
1961.6666,-0.3
1961.7500,-0.3
1961.8334,-0.2
1961.9166,-0.2
1962.0000,-0.2
1962.0834,-0.2
1962.1666,-0.2
1962.2500,-0.3
1962.3334,-0.3
1962.4166,-0.2
1962.5000,0.0
1962.5834,-0.1
1962.6666,-0.1
1962.7500,-0.2
1962.8334,-0.3
1962.9166,-0.4
1963.0000,-0.4
1963.0834,-0.2
1963.1666,0.2
1963.2500,0.3
1963.3334,0.3
1963.4166,0.5
1963.5000,0.9
1963.5834,1.1
1963.6666,1.2
1963.7500,1.3
1963.8334,1.4
1963.9166,1.3
1964.0000,1.1
1964.0834,0.6
1964.1666,0.1
1964.2500,-0.3
1964.3334,-0.6
1964.4166,-0.6
1964.5000,-0.6
1964.5834,-0.7
1964.6666,-0.8
1964.7500,-0.8
1964.8334,-0.8
1964.9166,-0.8
1965.0000,-0.6
1965.0834,-0.3
1965.1666,-0.1
1965.2500,0.2
1965.3334,0.5
1965.4166,0.8
1965.5000,1.2
1965.5834,1.5
1965.6666,1.9
1965.7500,2.0
1965.8334,2.0
1965.9166,1.7
1966.0000,1.4
1966.0834,1.2
1966.1666,1.0
1966.2500,0.7
1966.3334,0.4
1966.4166,0.2
1966.5000,0.2
1966.5834,0.1
1966.6666,-0.1
1966.7500,-0.1
1966.8334,-0.2
1966.9166,-0.3
1967.0000,-0.4
1967.0834,-0.5
1967.1666,-0.5
1967.2500,-0.4
1967.3334,-0.2
1967.4166,0.0
1967.5000,0.0
1967.5834,-0.2
1967.6666,-0.3
1967.7500,-0.4
1967.8334,-0.3
1967.9166,-0.4
1968.0000,-0.6
1968.0834,-0.7
1968.1666,-0.6
1968.2500,-0.4
1968.3334,0.0
1968.4166,0.3
1968.5000,0.6
1968.5834,0.5
1968.6666,0.4
1968.7500,0.5
1968.8334,0.7
1968.9166,1.0
1969.0000,1.1
1969.0834,1.1
1969.1666,0.9
1969.2500,0.8
1969.3334,0.6
1969.4166,0.4
1969.5000,0.4
1969.5834,0.5
1969.6666,0.8
1969.7500,0.9
1969.8334,0.8
1969.9166,0.6
1970.0000,0.5
1970.0834,0.3
1970.1666,0.3
1970.2500,0.2
1970.3334,0.0
1970.4166,-0.3
1970.5000,-0.6
1970.5834,-0.8
1970.6666,-0.8
1970.7500,-0.7
1970.8334,-0.9
1970.9166,-1.1
1971.0000,-1.4
1971.0834,-1.4
1971.1666,-1.1
1971.2500,-0.8
1971.3334,-0.7
1971.4166,-0.7
1971.5000,-0.8
1971.5834,-0.8
1971.6666,-0.8
1971.7500,-0.9
1971.8334,-1.0
1971.9166,-0.9
1972.0000,-0.7
1972.0834,-0.4
1972.1666,0.1
1972.2500,0.4
1972.3334,0.7
1972.4166,0.9
1972.5000,1.1
1972.5834,1.4
1972.6666,1.6
1972.7500,1.8
1972.8334,2.1
1972.9166,2.1
1973.0000,1.8
1973.0834,1.2
1973.1666,0.5
1973.2500,-0.1
1973.3334,-0.5
1973.4166,-0.9
1973.5000,-1.1
1973.5834,-1.3
1973.6666,-1.5
1973.7500,-1.7
1973.8334,-1.9
1973.9166,-2.0
1974.0000,-1.8
1974.0834,-1.6
1974.1666,-1.2
1974.2500,-1.0
1974.3334,-0.9
1974.4166,-0.8
1974.5000,-0.5
1974.5834,-0.4
1974.6666,-0.4
1974.7500,-0.6
1974.8334,-0.8
1974.9166,-0.6
1975.0000,-0.5
1975.0834,-0.6
1975.1666,-0.7
1975.2500,-0.7
1975.3334,-0.8
1975.4166,-1.0
1975.5000,-1.1
1975.5834,-1.2
1975.6666,-1.4
1975.7500,-1.4
1975.8334,-1.6
1975.9166,-1.7
1976.0000,-1.6
1976.0834,-1.2
1976.1666,-0.7
1976.2500,-0.5
1976.3334,-0.3
1976.4166,0.0
1976.5000,0.2
1976.5834,0.4
1976.6666,0.6
1976.7500,0.8
1976.8334,0.9
1976.9166,0.8
1977.0000,0.7
1977.0834,0.6
1977.1666,0.3
1977.2500,0.2
1977.3334,0.2
1977.4166,0.3
1977.5000,0.4
1977.5834,0.4
1977.6666,0.6
1977.7500,0.7
1977.8334,0.8
1977.9166,0.8
1978.0000,0.7
1978.0834,0.4
1978.1666,0.1
1978.2500,-0.2
1978.3334,-0.3
1978.4166,-0.3
1978.5000,-0.4
1978.5834,-0.4
1978.6666,-0.4
1978.7500,-0.3
1978.8334,-0.1
1978.9166,0.0
1979.0000,0.0
1979.0834,0.1
1979.1666,0.2
1979.2500,0.3
1979.3334,0.2
1979.4166,0.0
1979.5000,0.0
1979.5834,0.2
1979.6666,0.3
1979.7500,0.5
1979.8334,0.5
1979.9166,0.6
1980.0000,0.6
1980.0834,0.5
1980.1666,0.3
1980.2500,0.4
1980.3334,0.5
1980.4166,0.5
1980.5000,0.3
1980.5834,0.0
1980.6666,-0.1
1980.7500,0.0
1980.8334,0.1
1980.9166,0.0
1981.0000,-0.3
1981.0834,-0.5
1981.1666,-0.5
1981.2500,-0.4
1981.3334,-0.3
1981.4166,-0.3
1981.5000,-0.3
1981.5834,-0.2
1981.6666,-0.2
1981.7500,-0.1
1981.8334,-0.2
1981.9166,-0.1
1982.0000,0.0
1982.0834,0.1
1982.1666,0.2
1982.2500,0.5
1982.3334,0.7
1982.4166,0.7
1982.5000,0.8
1982.5834,1.1
1982.6666,1.6
1982.7500,2.0
1982.8334,2.2
1982.9166,2.2
1983.0000,2.2
1983.0834,1.9
1983.1666,1.5
1983.2500,1.3
1983.3334,1.1
1983.4166,0.7
1983.5000,0.3
1983.5834,-0.1
1983.6666,-0.5
1983.7500,-0.8
1983.8334,-1.0
1983.9166,-0.9
1984.0000,-0.6
1984.0834,-0.4
1984.1666,-0.3
1984.2500,-0.4
1984.3334,-0.5
1984.4166,-0.4
1984.5000,-0.3
1984.5834,-0.2
1984.6666,-0.2
1984.7500,-0.6
1984.8334,-0.9
1984.9166,-1.1
1985.0000,-1.0
1985.0834,-0.8
1985.1666,-0.8
1985.2500,-0.8
1985.3334,-0.8
1985.4166,-0.6
1985.5000,-0.5
1985.5834,-0.5
1985.6666,-0.4
1985.7500,-0.3
1985.8334,-0.3
1985.9166,-0.4
1986.0000,-0.5
1986.0834,-0.5
1986.1666,-0.3
1986.2500,-0.2
1986.3334,-0.1
1986.4166,0.0
1986.5000,0.2
1986.5834,0.4
1986.6666,0.7
1986.7500,0.9
1986.8334,1.1
1986.9166,1.2
1987.0000,1.2
1987.0834,1.2
1987.1666,1.1
1987.2500,0.9
1987.3334,1.0
1987.4166,1.2
1987.5000,1.5
1987.5834,1.7
1987.6666,1.6
1987.7500,1.5
1987.8334,1.3
1987.9166,1.1
1988.0000,0.8
1988.0834,0.5
1988.1666,0.1
1988.2500,-0.3
1988.3334,-0.9
1988.4166,-1.3
1988.5000,-1.3
1988.5834,-1.1
1988.6666,-1.2
1988.7500,-1.5
1988.8334,-1.8
1988.9166,-1.8
1989.0000,-1.7
1989.0834,-1.4
1989.1666,-1.1
1989.2500,-0.8
1989.3334,-0.6
1989.4166,-0.4
1989.5000,-0.3
1989.5834,-0.3
1989.6666,-0.2
1989.7500,-0.2
1989.8334,-0.2
1989.9166,-0.1
1990.0000,0.1
1990.0834,0.2
1990.1666,0.3
1990.2500,0.3
1990.3334,0.3
1990.4166,0.3
1990.5000,0.3
1990.5834,0.4
1990.6666,0.4
1990.7500,0.3
1990.8334,0.4
1990.9166,0.4
1991.0000,0.4
1991.0834,0.3
1991.1666,0.2
1991.2500,0.3
1991.3334,0.5
1991.4166,0.6
1991.5000,0.7
1991.5834,0.6
1991.6666,0.6
1991.7500,0.8
1991.8334,1.2
1991.9166,1.5
1992.0000,1.7
1992.0834,1.6
1992.1666,1.5
1992.2500,1.3
1992.3334,1.1
1992.4166,0.7
1992.5000,0.4
1992.5834,0.1
1992.6666,-0.1
1992.7500,-0.2
1992.8334,-0.3
1992.9166,-0.1
1993.0000,0.1
1993.0834,0.3
1993.1666,0.5
1993.2500,0.7
1993.3334,0.7
1993.4166,0.6
1993.5000,0.3
1993.5834,0.3
1993.6666,0.2
1993.7500,0.1
1993.8334,0.0
1993.9166,0.1
1994.0000,0.1
1994.0834,0.1
1994.1666,0.2
1994.2500,0.3
1994.3334,0.4
1994.4166,0.4
1994.5000,0.4
1994.5834,0.4
1994.6666,0.6
1994.7500,0.7
1994.8334,1.0
1994.9166,1.1
1995.0000,1.0
1995.0834,0.7
1995.1666,0.5
1995.2500,0.3
1995.3334,0.1
1995.4166,0.0
1995.5000,-0.2
1995.5834,-0.5
1995.6666,-0.8
1995.7500,-1.0
1995.8334,-1.0
1995.9166,-1.0
1996.0000,-0.9
1996.0834,-0.8
1996.1666,-0.6
1996.2500,-0.4
1996.3334,-0.3
1996.4166,-0.3
1996.5000,-0.3
1996.5834,-0.3
1996.6666,-0.4
1996.7500,-0.4
1996.8334,-0.4
1996.9166,-0.5
1997.0000,-0.5
1997.0834,-0.4
1997.1666,-0.1
1997.2500,0.3
1997.3334,0.8
1997.4166,1.2
1997.5000,1.6
1997.5834,1.9
1997.6666,2.1
1997.7500,2.3
1997.8334,2.4
1997.9166,2.4
1998.0000,2.2
1998.0834,1.9
1998.1666,1.4
1998.2500,1.0
1998.3334,0.5
1998.4166,-0.1
1998.5000,-0.8
1998.5834,-1.1
1998.6666,-1.3
1998.7500,-1.4
1998.8334,-1.5
1998.9166,-1.6
1999.0000,-1.5
1999.0834,-1.3
1999.1666,-1.1
1999.2500,-1.0
1999.3334,-1.0
1999.4166,-1.0
1999.5000,-1.1
1999.5834,-1.1
1999.6666,-1.2
1999.7500,-1.3
1999.8334,-1.5
1999.9166,-1.7
2000.0000,-1.7
2000.0834,-1.4
2000.1666,-1.1
2000.2500,-0.8
2000.3334,-0.7
2000.4166,-0.6
2000.5000,-0.6
2000.5834,-0.5
2000.6666,-0.5
2000.7500,-0.6
2000.8334,-0.7
2000.9166,-0.7
2001.0000,-0.7
2001.0834,-0.5
2001.1666,-0.4
2001.2500,-0.3
2001.3334,-0.3
2001.4166,-0.1
2001.5000,-0.1
2001.5834,-0.1
2001.6666,-0.2
2001.7500,-0.3
2001.8334,-0.3
2001.9166,-0.3
2002.0000,-0.1
2002.0834,0.0
2002.1666,0.1
2002.2500,0.2
2002.3334,0.4
2002.4166,0.7
2002.5000,0.8
2002.5834,0.9
2002.6666,1.0
2002.7500,1.2
2002.8334,1.3
2002.9166,1.1
2003.0000,0.9
2003.0834,0.6
2003.1666,0.4
2003.2500,0.0
2003.3334,-0.3
2003.4166,-0.2
2003.5000,0.1
2003.5834,0.2
2003.6666,0.3
2003.7500,0.3
2003.8334,0.4
2003.9166,0.4
2004.0000,0.4
2004.0834,0.3
2004.1666,0.2
2004.2500,0.2
2004.3334,0.2
2004.4166,0.3
2004.5000,0.5
2004.5834,0.6
2004.6666,0.7
2004.7500,0.7
2004.8334,0.7
2004.9166,0.7
2005.0000,0.6
2005.0834,0.6
2005.1666,0.4
2005.2500,0.4
2005.3334,0.3
2005.4166,0.1
2005.5000,-0.1
2005.5834,-0.1
2005.6666,-0.1
2005.7500,-0.3
2005.8334,-0.6
2005.9166,-0.8
2006.0000,-0.8
2006.0834,-0.7
2006.1666,-0.5
2006.2500,-0.3
2006.3334,0.0
2006.4166,0.0
2006.5000,0.1
2006.5834,0.3
2006.6666,0.5
2006.7500,0.7
2006.8334,0.9
2006.9166,0.9
2007.0000,0.7
2007.0834,0.3
2007.1666,0.0
2007.2500,-0.2
2007.3334,-0.3
2007.4166,-0.4
2007.5000,-0.5
2007.5834,-0.8
2007.6666,-1.1
2007.7500,-1.4
2007.8334,-1.5
2007.9166,-1.6
2008.0000,-1.6
2008.0834,-1.4
2008.1666,-1.2
2008.2500,-0.9
2008.3334,-0.8
2008.4166,-0.5
2008.5000,-0.4
2008.5834,-0.3
2008.6666,-0.3
2008.7500,-0.4
2008.8334,-0.6
2008.9166,-0.7
2009.0000,-0.8
2009.0834,-0.7
2009.1666,-0.5
2009.2500,-0.2
2009.3334,0.1
2009.4166,0.4
2009.5000,0.5
2009.5834,0.5
2009.6666,0.7
2009.7500,1.0
2009.8334,1.3
2009.9166,1.6
2010.0000,1.5
2010.0834,1.3
2010.1666,0.9
2010.2500,0.4
2010.3334,-0.1
2010.4166,-0.6
2010.5000,-1.0
2010.5834,-1.4
2010.6666,-1.6
2010.7500,-1.7
2010.8334,-1.7
2010.9166,-1.6
2011.0000,-1.4
2011.0834,-1.1
2011.1666,-0.8
2011.2500,-0.6
2011.3334,-0.5
2011.4166,-0.4
2011.5000,-0.5
2011.5834,-0.7
2011.6666,-0.9
2011.7500,-1.1
2011.8334,-1.1
2011.9166,-1.0
2012.0000,-0.8
2012.0834,-0.6
2012.1666,-0.5
2012.2500,-0.4
2012.3334,-0.2
2012.4166,0.1
2012.5000,0.3
2012.5834,0.3
2012.6666,0.3
2012.7500,0.2
2012.8334,0.0
2012.9166,-0.2
2013.0000,-0.4
2013.0834,-0.3
2013.1666,-0.2
2013.2500,-0.2
2013.3334,-0.3
2013.4166,-0.3
2013.5000,-0.4
2013.5834,-0.4
2013.6666,-0.3
2013.7500,-0.2
2013.8334,-0.2
2013.9166,-0.3
2014.0000,-0.4
2014.0834,-0.4
2014.1666,-0.2
2014.2500,0.1
2014.3334,0.3
2014.4166,0.2
2014.5000,0.1
2014.5834,0.0
2014.6666,0.2
2014.7500,0.4
2014.8334,0.6
2014.9166,0.7
2015.0000,0.6
2015.0834,0.6
2015.1666,0.6
2015.2500,0.8
2015.3334,1.0
2015.4166,1.2
2015.5000,1.5
2015.5834,1.8
2015.6666,2.1
2015.7500,2.4
2015.8334,2.5
2015.9166,2.6
2016.0000,2.5
2016.0834,2.2
2016.1666,1.7
2016.2500,1.0
2016.3334,0.5
2016.4166,0.0
2016.5000,-0.3
2016.5834,-0.6
2016.6666,-0.7
2016.7500,-0.7
2016.8334,-0.7
2016.9166,-0.6
2017.0000,-0.3
2017.0834,-0.1
2017.1666,0.1
2017.2500,0.3
2017.3334,0.4
2017.4166,0.4
2017.5000,0.2
2017.5834,-0.1
2017.6666,-0.4
2017.7500,-0.7
2017.8334,-0.9
2017.9166,-1.0
2018.0000,-0.9
2018.0834,-0.8
2018.1666,-0.6
2018.2500,-0.4
2018.3334,-0.1
2018.4166,0.1
2018.5000,0.1
2018.5834,0.2
2018.6666,0.4
2018.7500,0.7
2018.8334,0.9
2018.9166,0.8